0.0 0.052678899999999994 0
0.0 0.05291900000000001 0
0.0 0.051216700000000004 0
0.0 0.050277300000000004 0
0.0 0.0497305 0
0.04968 0.049217 0
0.045001 0.044674900000000003 0
0.061866 0.043547 0
0.054245 0.0425555 0
0.046051 0.037747 0
0.047844 0.033292 0
0.082411 0.0285518 0
0.049307 0.0240675 0
0.047429 0.0195824 0
0.048085 0.015524099999999999 1
0.04455 0.0112532 1
0.047402 0.0075542 1
0.044843 0.0037514 1
0.044851 0.0 0
0.040583 0.0 0
0.042709 0.0 0
0.03699 0.0 0
0.038028 0.0 0
0.037514 0.0 0
0.0 0.0 0
0.0 0.005518 0
0.0 0.009371 0
0.0 0.0138631 0
0.0 0.0192199 0
0.0 0.023869800000000004 0
0.0 0.028461200000000002 0
0.0 0.0332756 0
0.0 0.0384177 0
0.0 0.04298 0
0.0 0.046966999999999995 0
0.0 0.045370499999999994 0
0.0 0.0460772 0
0.0 0.046152099999999995 0
0.0 0.045505199999999996 0
0.0 0.0450561 0
0.05518 0.0463807 0
0.03853 0.0484497 0
0.044921 0.043307599999999995 0
0.053568 0.038745299999999996 0
0.046499 0.03862033333333333 0
0.045914 0.038546 0
0.048144 0.03753871428571428 0
0.051421 0.0361835 0
0.045623 0.0340004 0
0.03987 0.0319985 0
0.039215 0.02294466666666667 0
0.045597 0.0 0
0.04567 0.0 0
0.047099 0.047099 0
0.042008 0.042008 0
0.05916 0.05916 0
0.068834 0.068834 0
0.0 0.0 0
0.0 0.0 0
