0.0 0.039925699999999995 0
0.0 0.035486699999999996 0
0.048946 0.033422 0
0.043589 0.0343103 0
0.062086 0.0361254 0
0.041062 0.0373818 0
0.04439 0.032613899999999994 0
0.066393 0.0304197 0
0.043141 0.0359524 0
0.046833 0.0402912 0
0.042115 0.045151 0
0.090281 0.0494661 0
0.066104 0.050024 0
0.0 0.05045619999999999 0
0.0 0.0481863 0
0.0 0.047522999999999996 0
0.0 0.049087 0
0.045746 0.0491451 0
0.052024 0.0473803 0
0.064984 0.0468045 0
0.054679 0.04544089999999999 0
0.042602 0.0411258 0
0.044162 0.03599329999999999 0
0.055327 0.030358699999999995 0
0.043388 0.0261302 0
0.048598 0.021325599999999997 0
0.043151 0.015501399999999999 0
0.051325 0.011027099999999998 1
0.056346 0.007259199999999999 1
0.042285 0.0034962 1
0.048046 0.0 1
0.058242 0.0 1
0.044743 0.0 1
0.037679 0.0 0
0.03763 0.0 0
0.034962 0.0 0
0.0 0.0 0
0.0 0.0 0
0.0 0.0 0
0.0 0.0044472999999999995 0
0.0 0.0097841 0
0.0 0.0145747 0
0.0 0.019520199999999998 0
0.0 0.023985600000000003 0
0.0 0.028790099999999996 0
0.0 0.0332994 0
0.0 0.0390108 0
0.0 0.04288 0
0.0 0.0469154 0
0.0 0.0462532 0
0.0 0.04526960000000001 0
0.0 0.044548 0
0.0 0.044493500000000005 0
0.0 0.044804 0
0.044473 0.0438919 0
0.053368 0.0435675 0
0.047906 0.042133800000000006 0
0.049455 0.0423539 0
0.044654 0.0423477 0
0.048045 0.042965800000000005 0
0.045093 0.0429749 0
0.057114 0.0429699 0
0.038692 0.0420215 0
0.040354 0.04109030000000001 0
0.037851 0.0412597 0
0.043532 0.04119422222222222 0
0.04069 0.040996375 0
0.04891 0.04101114285714286 0
0.047759 0.041131 0
0.038924 0.0405508 0
0.041849 0.039782750000000006 0
0.042777 0.039497 0
0.040893 0.0395325 0
0.040292 0.040618 0
0.044032 0.044032 0
0.043623 0.043623 0
0.04064 0.04064 0
0.039426 0.039426 0
0.038447 0.038447 0
0.040618 0.040618 0
