0.0 0.0303429 0
0.0 0.0348245 0
0.0 0.039278900000000005 0
0.0 0.044668900000000004 0
0.0 0.0489974 0
0.0 0.0492043 0
0.0 0.0472954 0
0.0 0.0463106 0
0.0 0.046767899999999994 0
0.0 0.04679409999999999 0
0.045159 0.0473127 0
0.067974 0.047396100000000004 0
0.054015 0.0471069 0
0.042639 0.0454293 0
0.052043 0.0446036 0
0.041599 0.0398808 0
0.044816 0.0349923 0
0.044544 0.0305756 0
0.0539 0.0258544 0
0.043285 0.0206239 0
0.047228 0.0159454 0
0.048885 0.011380399999999999 0
0.044167 0.0072152 1
0.047212 0.0035027999999999995 1
0.052305 0.0 1
0.046785 0.0 1
0.04565 0.0045575 0
0.041652 0.0090684 0
0.037124 0.014474200000000001 0
0.035028 0.019167700000000003 0
0.0 0.0235969 0
0.0 0.027200199999999997 0
0.0 0.030887500000000002 0
0.0 0.030887500000000002 0
0.0 0.030887500000000002 0
0.0 0.030887500000000002 0
0.0 0.02633 0
0.0 0.0218191 0
0.0 0.0164133 0
0.0 0.0162883 0
0.0 0.0168073 0
0.045575 0.017576599999999998 0
0.045109 0.018590699999999998 0
0.054058 0.023049899999999998 0
0.046935 0.028620599999999996 0
0.044292 0.033116099999999996 0
0.036033 0.037720500000000004 0
0.036873 0.0421188 0
0.0 0.046991899999999996 0
0.0 0.051677600000000004 0
0.0 0.0467294 0
0.0 0.04235679999999999 0
0.0 0.03765539999999999 0
0.0 0.03688466666666666 0
0.045685 0.034531875 0
0.049482 0.033042857142857145 0
0.043726 0.030875999999999997 0
0.047014 0.028254599999999998 0
0.044592 0.0231355 0
0.055707 0.0 0
0.044955 0.0 0
0.046044 0.0 0
0.043983 0.043983 0
0.048731 0.048731 0
0.092542 0.092542 0
0.0 0.0 0
0.0 0.0 0
0.0 0.0 0
