0.058598 0.03405015 0
0.0 0.03645445 0
0.0 0.0389085 0
0.0 0.0413968 0
0.0 0.043816549999999996 0
0.0 0.04603885 0
0.0 0.0483686 0
0.0 0.0483686 0
0.050471 0.04584505 0
0.044797 0.0436052 0
0.053461 0.04093215 0
0.053495 0.0382574 0
0.051865 0.03566414999999999 0
0.051341 0.0330971 0
0.052562 0.0327394 0
0.052721 0.0327894 0
0.063404 0.0320776 1
0.046163 0.0322234 1
0.048887 0.032282500000000006 1
0.060242 0.0315527 1
0.051594 0.03130385 1
0.048086 0.03135175 1
0.049081 0.0326462 0
0.049766 0.03243405 0
0.048395 0.031635199999999995 0
0.044446 0.031151049999999996 0
0.046595 0.03212565 0
0.0 0.03487865 0
0.0 0.037415199999999996 0
0.0 0.040023500000000004 0
0.0 0.042529 0
0.0 0.04482895 0
0.0 0.047346650000000004 0
0.0 0.04984025 0
0.045408 0.0498539 0
0.053721 0.0501826 0
0.049168 0.050276749999999995 0
0.049079 0.05050135 0
0.050069 0.05042314999999999 0
0.045646 0.050397800000000006 0
0.046617 0.051997650000000006 0
0.049044 0.05440280000000001 0
0.07497 0.05499130000000001 0
0.045523 0.05271515 0
0.032418 0.05378342105263158 0
0.034763 0.05484011111111112 0
0.066087 0.05417852941176471 0
0.05506 0.054123437499999996 0
0.050731 0.0543496 0
0.052166 0.05450557142857143 0
0.05011 0.05484369230769231 0
0.045999 0.055580750000000005 0
0.050354 0.056055909090909094 0
0.049872 0.0566743 0
0.045681 0.05789577777777778 0
0.060295 0.057595875 0
0.051051 0.05853085714285714 0
0.053571 0.0593575 0
0.048505 0.06152799999999999 0
0.045139 0.06562525 0
0.078614 0.061295666666666665 0
0.097147 0.04337 0
0.08674 0.0 0
0.0 0.0 0
