0.0 0.043841 0
0.0 0.0501722 0
0.0 0.0554179 0
0.0 0.054917400000000005 0
0.0 0.05588270000000001 0
0.0 0.053245100000000004 0
0.0 0.05183970000000001 0
0.0 0.05097549999999999 0
0.052177 0.0495711 0
0.043566 0.0447274 0
0.072302 0.0372117 0
0.051699 0.030880499999999998 0
0.04651 0.025634800000000003 0
0.048562 0.0209176 0
0.048437 0.0155957 1
0.075157 0.011003099999999998 1
0.063312 0.0072386 1
0.052457 0.0034518 1
0.047172 0.0 1
0.053219 0.0 1
0.045926 0.0 0
0.037645 0.0 0
0.037868 0.0 0
0.034518 0.0 0
0.0 0.0 0
0.0 0.004752 0
0.0 0.009045300000000001 0
0.0 0.0130774 0
0.0 0.0175826 0
0.0 0.021807100000000003 0
0.0 0.026080700000000002 0
0.0 0.030382200000000005 0
0.0 0.034846600000000005 0
0.0 0.0393417 0
0.0 0.044054300000000005 0
0.0 0.043783100000000005 0
0.0 0.044574800000000005 0
0.0 0.0459613 0
0.0 0.0465915 0
0.0 0.04707444444444445 0
0.04752 0.04761675 0
0.042933 0.04827414285714286 0
0.040321 0.04887916666666667 0
0.045052 0.049664799999999995 0
0.042245 0.0502995 0
0.042736 0.05212999999999999 0
0.043015 0.05277 0
0.044644 0.051354 0
0.044951 0.044951 0
0.047126 0.047126 0
0.044808 0.044808 0
0.05085 0.05085 0
0.054186 0.054186 0
0.051354 0.051354 0
