0.0 0.03507935 0
0.0 0.0374356 0
0.0 0.039625900000000006 0
0.0 0.04189885 0
0.0 0.044160450000000004 0
0.0 0.046382700000000006 0
0.0 0.04869060000000001 0
0.067006 0.0477105 0
0.048599 0.0474848 0
0.044213 0.04741415 0
0.040721 0.047615649999999995 0
0.053274 0.0470982 0
0.047634 0.04681215 0
0.044164 0.046639799999999995 0
0.045577 0.0463133 0
0.043981 0.04411425 0
0.058882 0.041170149999999996 0
0.065207 0.03790980000000001 1
0.049422 0.035438700000000004 1
0.04827 0.0330252 1
0.044637 0.030793349999999997 1
0.047125 0.0284371 1
0.043806 0.026246799999999997 0
0.045459 0.023973849999999998 0
0.045232 0.02171225 0
0.044445 0.01949 0
0.046158 0.0171821 0
0.047404 0.0148119 0
0.044085 0.012607649999999998 0
0.0428 0.012732100000000001 0
0.044751 0.0125728 0
0.042925 0.012951399999999998 0
0.041913 0.0129993 0
0.040717 0.01311785 0
0.039047 0.013609399999999999 0
0.0 0.01617005 0
0.0 0.01829095 0
0.0 0.0205146 0
0.0 0.02270285 0
0.0 0.0249396 0
0.0 0.027137500000000002 0
0.0 0.030185450000000003 0
0.0 0.03301585 0
0.0 0.03301585 0
0.0 0.03301585 0
0.0 0.03475352631578948 0
0.0 0.03668427777777778 0
0.0 0.03884217647058824 0
0.0 0.041269812499999996 0
0.045289 0.04100186666666667 0
0.041565 0.04096164285714286 0
0.050497 0.04022815384615385 0
0.042871 0.040007916666666664 0
0.043088 0.03972790909090909 0
0.048878 0.0388129 0
0.051213 0.03743511111111111 0
0.042418 0.036812250000000005 0
0.044473 0.03571785714285714 0
0.043765 0.034376666666666666 0
0.044735 0.032305 0
0.043958 0.02939175 0
0.060959 0.01886933333333333 0
0.056608 0.0 0
0.0 0.0 0
0.0 0.0 0
