0.0 0.0381407 0
0.060545 0.0432774 0
0.099426 0.0512656 0
0.065688 0.0565672 0
0.0 0.055983399999999996 0
0.0 0.056396499999999995 0
0.0 0.0531677 0
0.0 0.053515599999999997 0
0.0 0.0528319 0
0.052925 0.0536852 0
0.047627 0.0536767 0
0.081714 0.0533894 0
0.047487 0.049803 0
0.05546 0.0494068 0
0.048729 0.050242199999999994 0
0.047465 0.0450664 0
0.051367 0.0401238 1
0.079882 0.0350272 1
0.053016 0.0301649 1
0.047087 0.0244387 1
0.051758 0.0197007 1
0.049426 0.014851300000000001 1
0.050966 0.0104495 1
0.048623 0.0055441 1
0.057262 0.0 0
0.04738 0.0 0
0.048494 0.0 0
0.044018 0.0 0
0.049054 0.0 0
0.055441 0.0 0
0.0 0.0 0
0.0 0.0 0
0.0 0.0086703 0
0.0 0.012864 0
0.0 0.020944200000000003 0
0.0 0.027262500000000002 0
0.0 0.0367937 0
0.0 0.0417709 0
0.0 0.046734099999999994 0
0.0 0.0519997 0
0.0 0.057131600000000005 0
0.0 0.0619982 0
0.0 0.058476799999999995 0
0.0 0.05950489999999999 0
0.0 0.0563187 0
0.0 0.055444400000000005 0
0.0 0.050680899999999994 0
0.086703 0.050892799999999995 0
0.041937 0.0525467 0
0.080802 0.052648600000000004 0
0.063183 0.0520107 0
0.095312 0.0520981 0
0.049772 0.0519822 0
0.049632 0.056434700000000004 0
0.052656 0.05154070000000001 0
0.051319 0.046096700000000004 0
0.048666 0.041329 0
0.051489 0.040155444444444445 0
0.052218 0.036903500000000006 0
0.04894 0.03450757142857143 0
0.05444 0.03276883333333333 0
0.047677 0.029414600000000003 0
0.051891 0.02418575 0
0.066171 0.0 0
0.053675 0.0 0
0.04494 0.0 0
0.04954 0.04954 0
0.05033 0.05033 0
0.096743 0.096743 0
0.0 0.0 0
0.0 0.0 0
0.0 0.0 0
