0.0 0.029849399999999998 0
0.0 0.0357903 0
0.0 0.040647199999999994 0
0.0 0.045376599999999996 0
0.0 0.050411399999999995 0
0.0 0.05102340000000001 0
0.0 0.050384799999999993 0
0.0 0.0499727 0
0.0 0.049654899999999995 0
0.0 0.0501942 0
0.042766 0.0505255 0
0.064281 0.0489084 0
0.050393 0.048531000000000005 0
0.05134 0.048157399999999996 0
0.043666 0.046981800000000004 0
0.046048 0.04563640000000001 0
0.059409 0.04344180000000001 0
0.048569 0.0388146 0
0.047294 0.0339984 0
0.050348 0.0290925 1
0.048886 0.0241564 1
0.057895 0.0198326 1
0.046272 0.0153531 1
0.048162 0.010997300000000002 1
0.049059 0.0071381 1
0.049361 0.0035949000000000003 1
0.043238 0.0 0
0.044795 0.0 0
0.043558 0.0 0
0.038592 0.0 0
0.035432 0.0 0
0.035949 0.0 0
0.0 0.0 0
0.0 0.0 0
0.0 0.0 0
0.0 0.0 0
0.0 0.0049570000000000005 0
0.0 0.0094492 0
0.0 0.0136994 0
0.0 0.0181235 0
0.0 0.022607300000000004 0
0.0 0.027276199999999994 0
0.0 0.0325789 0
0.0 0.036982499999999995 0
0.0 0.0417787 0
0.0 0.0461566 0
0.0 0.045219 0
0.0 0.0449151 0
0.0 0.0456178 0
0.0 0.04565889999999999 0
0.0 0.0455235 0
0.04957 0.045110199999999996 0
0.044922 0.047930099999999996 0
0.042502 0.048299600000000005 0
0.044241 0.0482657 0
0.044838 0.050824 0
0.046689 0.0559995 0
0.053027 0.056431199999999994 0
0.044036 0.05551349999999999 0
0.047962 0.05672033333333334 0
0.043779 0.05837487499999999 0
0.040194 0.060634714285714285 0
0.041883 0.057202833333333335 0
0.049529 0.0590972 0
0.044652 0.06196574999999999 0
0.043484 0.05950033333333333 0
0.042556 0.043275999999999995 0
0.081226 0.040352 0
0.047731 0.047731 0
0.047623 0.047623 0
0.069362 0.069362 0
0.091949 0.091949 0
0.0462 0.0462 0
0.040352 0.040352 0
