0.0 0.03239015 0
0.0 0.03457695 0
0.0 0.03686915 0
0.0 0.03938559999999999 0
0.0 0.04207204999999999 0
0.0 0.0443718 0
0.0 0.04650355 0
0.0 0.0486078 0
0.064231 0.04741665 0
0.047923 0.0468812 0
0.042767 0.04673685 0
0.060484 0.0455897 0
0.046659 0.04546635 0
0.0475 0.045364 0
0.068643 0.043875050000000006 0
0.047004 0.043476 0
0.044685 0.043293399999999996 0
0.042628 0.041162000000000004 0
0.041 0.039111999999999994 0
0.047247 0.036749649999999995 0
0.047032 0.03439805 0
0.043736 0.032211250000000004 0
0.045844 0.029919050000000003 0
0.050329 0.0274026 1
0.053729 0.02471615 1
0.045995 0.0224164 0
0.042635 0.020284649999999998 0
0.042085 0.0181804 0
0.040408 0.01616 0
0.037214 0.016846800000000002 0
0.03988 0.017199799999999998 0
0.037541 0.017654999999999997 0
0.044192 0.017822249999999998 0
0.045453 0.017860950000000004 0
0.038864 0.018362999999999997 0
0.039023 0.01887635 0
0.041033 0.019072949999999998 0
0.0 0.021130699999999995 0
0.0 0.0232935 0
0.0 0.025453149999999997 0
0.0 0.027617750000000003 0
0.0 0.0326771 0
0.0 0.0326771 0
0.0 0.0326771 0
0.0 0.0326771 0
0.0 0.034396947368421055 0
0.0 0.03630788888888889 0
0.0 0.038443647058823534 0
0.0 0.040846375 0
0.05095 0.0401728 0
0.04694 0.03968942857142856 0
0.046645 0.03915438461538461 0
0.047537 0.038455833333333335 0
0.046227 0.037749363636363636 0
0.048905 0.0366338 0
0.04929 0.035227555555555554 0
0.044965 0.034010374999999995 0
0.041155 0.03298971428571428 0
0.043256 0.03127866666666667 0
0.043193 0.0288958 0
0.043292 0.02529675 0
0.101187 0.0 0
0.0 0.0 0
0.0 0.0 0
0.0 0.0 0
