0.026889 0.053671399999999994 0
0.0 0.05361140000000001 0
0.0 0.053528900000000004 0
0.0 0.05359509999999999 0
0.0 0.05365350000000001 0
0.0 0.0533119 0
0.0 0.05203810000000001 0
0.0 0.0506857 0
0.051615 0.052122199999999994 0
0.052715 0.056050399999999986 0
0.050459 0.058804800000000004 0
0.050997 0.05381889999999999 0
0.047136 0.048801699999999996 0
0.051458 0.044021899999999996 0
0.055027 0.0388177 0
0.063232 0.033656599999999995 0
0.062309 0.0286072 1
0.050433 0.0237287 1
0.053296 0.020699500000000003 1
0.052367 0.015617500000000001 1
0.049859 0.0118599 1
0.050172 0.0191258 1
0.047798 0.023218300000000004 0
0.052042 0.0277003 0
0.051611 0.0321308 0
0.050494 0.0363917 0
0.048785 0.03999280000000001 0
0.064798 0.0399928 0
0.092578 0.0365422 0
0.079911 0.0412692 0
0.0 0.0422042 0
0.0 0.0394736 0
0.0 0.0404709 0
0.0 0.0409325 0
0.0 0.04136479999999999 0
0.0 0.0419489 0
0.0 0.0431632 0
0.034506 0.0478757 0
0.041758 0.0527151 0
0.042335 0.048614599999999994 0
0.072659 0.0488301 0
0.040925 0.0495958 0
0.04482 0.0491483 0
0.044305 0.049150299999999994 0
0.042609 0.049379099999999995 0
0.036011 0.052777700000000004 0
0.0 0.05329144444444445 0
0.0 0.05406225 0
0.089028 0.054872 0
0.051685 0.0560135 0
0.045353 0.056448200000000004 0
0.050898 0.057307750000000005 0
0.049436 0.060936 0
0.048628 0.066676 0
0.04845 0.082436 0
0.048154 0.048154 0
0.047125 0.047125 0
0.048394 0.048394 0
0.048023 0.048023 0
0.05384 0.05384 0
0.05301 0.05301 0
0.046423 0.046423 0
0.049456 0.049456 0
0.050916 0.050916 0
0.082436 0.082436 0
