0.0 0.028258 0
0.0 0.0336464 0
0.0 0.0379863 0
0.0 0.03771480000000001 0
0.0 0.0379635 0
0.0 0.0416634 0
0.0 0.046739 0
0.0 0.0515248 0
0.047566 0.0531057 0
0.049796 0.0534458 0
0.042582 0.0524546 0
0.0 0.0513811 0
0.0 0.0523067 0
0.046198 0.0523396 0
0.043625 0.051580400000000005 0
0.052813 0.047361799999999996 0
0.053884 0.0462461 0
0.043399 0.0455231 0
0.044851 0.0429927 0
0.052283 0.0426261 0
0.079581 0.038335999999999995 0
0.050756 0.0340211 0
0.047858 0.028755600000000003 1
0.062007 0.024237599999999998 1
0.047026 0.0197685 1
0.042901 0.016028999999999998 1
0.043149 0.0120691 1
0.052655 0.0080063 1
0.04518 0.0043360000000000004 0
0.044691 0.0 0
0.037395 0.0039958 0
0.039599 0.0080453 0
0.040628 0.0128064 0
0.036703 0.0173134 0
0.04336 0.02135 0
0.0 0.0269606 0
0.0 0.032607000000000004 0
0.0 0.041704000000000005 0
0.0 0.046097200000000005 0
0.0 0.050768100000000004 0
0.0 0.0515046 0
0.0 0.05201610000000001 0
0.0 0.051496299999999995 0
0.0 0.05159769999999999 0
0.0 0.0534563 0
0.039958 0.0547339 0
0.040495 0.04908749999999999 0
0.047611 0.0399905 0
0.04507 0.039552555555555556 0
0.040366 0.038658 0
0.056106 0.03742014285714285 0
0.056464 0.036055166666666666 0
0.09097 0.0347836 0
0.043932 0.0319585 0
0.046709 0.022960666666666667 0
0.047323 0.0 0
0.04561 0.0 0
0.042413 0.042413 0
0.046084 0.046084 0
0.058952 0.058952 0
0.068882 0.068882 0
0.0 0.0 0
0.0 0.0 0
