0.0 0.035537299999999994 0
0.0 0.03776455000000001 0
0.0 0.03976310000000001 0
0.0 0.04213645 0
0.0 0.04423705 0
0.0 0.04618925 0
0.0 0.0476726 0
0.0 0.047672599999999996 0
0.051752 0.045085 0
0.047507 0.04270965 0
0.046524 0.04038345 0
0.053514 0.03770775 0
0.043309 0.0355423 0
0.040879 0.033498349999999996 0
0.085415 0.0292276 0
0.06072 0.026191600000000002 0
0.088814 0.0217509 1
0.043531 0.01957435 1
0.045739 0.0172874 1
0.054223 0.014576250000000002 1
0.048819 0.0121353 1
0.044545 0.00990805 1
0.039971 0.0104809 0
0.047467 0.0104605 0
0.042012 0.010849049999999999 0
0.039044 0.011091649999999998 0
0.029667 0.0115927 0
0.0 0.01441285 0
0.0 0.016733599999999998 0
0.0 0.018965799999999998 0
0.0 0.0216048 0
0.0 0.0237097 0
0.0 0.026067849999999997 0
0.0 0.0282707 0
0.0 0.030340999999999996 0
0.0 0.0329657 0
0.0 0.03533715 0
0.0 0.03756364999999999 0
0.0 0.03985734999999999 0
0.0 0.043718299999999995 0
0.0 0.047379 0
0.0 0.049501250000000004 0
0.051428 0.0490323 0
0.047059 0.04942965 0
0.049783 0.050343549999999994 0
0.043896 0.05117545 0
0.039688 0.05178005263157894 0
0.056403 0.05152322222222222 0
0.046415 0.05182370588235293 0
0.044644 0.05227243749999999 0
0.05278 0.0522386 0
0.042098 0.05296292857142857 0
0.047163 0.05340907692307692 0
0.044057 0.05418841666666666 0
0.041406 0.05535045454545455 0
0.052494 0.0556361 0
0.047429 0.056547999999999994 0
0.04453 0.05805025 0
0.045874 0.05978971428571428 0
0.077219 0.05688483333333333 0
0.073214 0.05361899999999999 0
0.042445 0.0564125 0
0.042049 0.06120033333333333 0
0.055006 0.0642975 0
0.068061 0.060534 0
0.060534 0.060534 0
