0.0 0.029315200000000003 0
0.0 0.031455500000000004 0
0.0 0.0335098 0
0.0 0.035739850000000004 0
0.0 0.039474550000000004 0
0.0 0.04171285 0
0.0 0.04385515 0
0.0 0.046449000000000004 0
0.0 0.0491132 0
0.040211 0.04926565 0
0.040439 0.04930695 0
0.043227 0.04917565 0
0.076867 0.0476681 0
0.046743 0.0473949 0
0.042039 0.04732535 0
0.045414 0.046856600000000005 0
0.085022 0.04499084999999999 0
0.04482 0.04274985 0
0.039749 0.0407624 0
0.038875 0.038818649999999996 0
0.042898 0.03667375 0
0.042806 0.03453345 0
0.041086 0.03247915 0
0.044601 0.0302491 0
0.074694 0.0265144 0
0.044766 0.0242761 0
0.042846 0.022133800000000002 0
0.051877 0.01953995 0
0.053284 0.016875750000000002 0
0.04326 0.01471275 0
0.041265 0.0126495 0
0.040601 0.010619449999999999 0
0.046716 0.010757 1
0.041279 0.011087999999999999 1
0.040648 0.011415100000000001 0
0.036039 0.011884700000000002 0
0.047707 0.0117064 0
0.0 0.014411000000000002 0
0.0 0.016709050000000003 0
0.0 0.018884100000000004 0
0.0 0.021084450000000005 0
0.0 0.025572400000000006 0
0.0 0.028014450000000003 0
0.0 0.029488894736842106 0
0.0 0.031127166666666668 0
0.0 0.03295817647058824 0
0.0 0.0350180625 0
0.0 0.03735260000000001 0
0.0 0.040020642857142866 0
0.0 0.043099153846153856 0
0.0 0.04669075 0
0.0 0.05093536363636364 0
0.049467 0.05108220000000001 0
0.047899 0.05143588888888889 0
0.04719 0.051966625 0
0.045431 0.05290028571428572 0
0.044141 0.054360166666666675 0
0.054092 0.0544138 0
0.045961 0.056527 0
0.043501 0.060869 0
0.044007 0.0693 0
0.089759 0.048841 0
0.048841 0.048841 0
