0.0 0.030239550000000004 0
0.0 0.0323585 0
0.0 0.03447845 0
0.0 0.03675265 0
0.0 0.039083849999999996 0
0.0 0.04105615 0
0.0 0.043089100000000005 0
0.0 0.045065 0
0.0 0.04696855 0
0.051033 0.0444169 0
0.040571 0.04238835 0
0.064254 0.03917565 0
0.051533 0.036599000000000007 0
0.044669 0.03436555 0
0.043735 0.032178799999999994 0
0.047108 0.0298234 0
0.059013 0.02687275 1
0.064307 0.023657400000000002 1
0.047423 0.02128625 1
0.048161 0.0188782 1
0.042984 0.016729 1
0.042379 0.01461005 0
0.042399 0.0124901 0
0.045484 0.0102159 0
0.046624 0.0078847 0
0.039446 0.0059124 0
0.040659 0.0038794499999999996 0
0.039518 0.0042566 0
0.038071 0.0046271 0
0.0 0.007170750000000001 0
0.0 0.00920785 0
0.0 0.011529850000000001 0
0.0 0.013782550000000001 0
0.0 0.01589935 0
0.0 0.01813525 0
0.0 0.021196249999999996 0
0.0 0.023530549999999997 0
0.0 0.025653550000000004 0
0.0 0.028126300000000003 0
0.0 0.030340400000000007 0
0.0 0.03269505000000001 0
0.0 0.03509940000000001 0
0.0 0.0386758 0
0.0 0.0417372 0
0.0 0.04393389473684211 0
0.0 0.04637466666666667 0
0.0 0.04910258823529411 0
0.047061 0.049230187499999994 0
0.045481 0.049480133333333336 0
0.050873 0.04938064285714285 0
0.040742 0.050045153846153836 0
0.04644 0.05034558333333333 0
0.045054 0.05082663636363636 0
0.042336 0.051675700000000005 0
0.044718 0.05244877777777778 0
0.06122 0.051352375 0
0.046686 0.052018999999999996 0
0.04246 0.05361216666666666 0
0.049455 0.0544436 0
0.044282 0.056984 0
0.047093 0.060281 0
0.048087 0.06637799999999999 0
0.071528 0.061228 0
0.061228 0.061228 0
