0.0 0.03835425 0
0.0 0.0401607 0
0.0 0.0401607 0
0.0 0.040160699999999994 0
0.0 0.0401607 0
0.044243 0.037948550000000005 0
0.041568 0.03587015 0
0.051506 0.03329485 0
0.045194 0.03103515 0
0.050422 0.028514050000000003 1
0.046152 0.02620645 1
0.079441 0.0222344 1
0.047504 0.0198592 1
0.046313 0.01754355 1
0.044765 0.015305299999999999 1
0.050629 0.012773849999999998 1
0.051524 0.010197649999999999 1
0.042189 0.0080882 0
0.042327 0.005971849999999999 0
0.040469 0.0059433 0
0.042839 0.006169900000000001 0
0.036129 0.0064191 0
0.0 0.0085059 0
0.0 0.0115478 0
0.0 0.014103550000000001 0
0.0 0.017021150000000002 0
0.0 0.01914485 0
0.0 0.021399550000000003 0
0.0 0.023634150000000003 0
0.0 0.026354800000000005 0
0.0 0.028706750000000003 0
0.0 0.031075200000000004 0
0.0 0.033379400000000004 0
0.0 0.0355395 0
0.0 0.0376944 0
0.0 0.0410871 0
0.0 0.0440228 0
0.0 0.0440228 0
0.0 0.0440228 0
0.039898 0.04423989473684211 0
0.047371 0.04406594444444445 0
0.041113 0.04423964705882352 0
0.041736 0.044396124999999995 0
0.060838 0.043300000000000005 0
0.051115 0.04274178571428572 0
0.058352 0.041541 0
0.042474 0.04146325 0
0.045094 0.04113318181818181 0
0.044692 0.0407773 0
0.054413 0.039262222222222226 0
0.047039 0.038290125 0
0.047369 0.036993142857142856 0
0.046084 0.035478 0
0.043202 0.0339332 0
0.043098 0.031642 0
0.067854 0.019571333333333333 0
0.058714 0.0 0
0.0 0.0 0
0.0 0.0 0
